##FastQC	0.12.1
>>Basic Statistics	pass
#Measure	Value
Filename	SRR6915103_1.fastq.gz
File type	Conventional base calls
Encoding	Sanger / Illumina 1.9
Total Sequences	17661211
Total Bases	1.7 Gbp
Sequences flagged as poor quality	0
Sequence length	75-100
%GC	47
>>END_MODULE
>>Per base sequence quality	pass
#Base	Mean	Median	Lower Quartile	Upper Quartile	10th Percentile	90th Percentile
1	32.66891035954443	33.0	33.0	33.0	33.0	33.0
2	32.68043142681439	33.0	33.0	33.0	33.0	33.0
3	32.67911005649613	33.0	33.0	33.0	33.0	33.0
4	36.62203237365773	37.0	37.0	37.0	37.0	37.0
5	36.604343779144024	37.0	37.0	37.0	37.0	37.0
6	36.45725680985296	37.0	37.0	37.0	37.0	37.0
7	36.41218441929039	37.0	37.0	37.0	37.0	37.0
8	36.36667870623368	37.0	37.0	37.0	37.0	37.0
9	36.42844598821678	37.0	37.0	37.0	37.0	37.0
10-11	36.36520816720892	37.0	37.0	37.0	37.0	37.0
12-13	36.35478430669335	37.0	37.0	37.0	37.0	37.0
14-15	38.06201842557682	40.0	37.0	40.0	37.0	40.0
16-17	37.994758881483264	40.0	37.0	40.0	37.0	40.0
18-19	37.959598806673	40.0	37.0	40.0	33.0	40.0
20-21	37.92622074443253	40.0	37.0	40.0	33.0	40.0
22-23	37.87591462442751	40.0	37.0	40.0	33.0	40.0
24-25	37.810744489718175	40.0	37.0	40.0	33.0	40.0
26-27	37.71550959897371	40.0	37.0	40.0	33.0	40.0
28-29	37.64255330509329	40.0	37.0	40.0	33.0	40.0
30-31	37.5661019790772	40.0	37.0	40.0	33.0	40.0
32-33	37.44480069911401	37.0	37.0	40.0	33.0	40.0
34-35	37.35960031279848	37.0	37.0	40.0	33.0	40.0
36-37	37.244544782348164	37.0	37.0	40.0	33.0	40.0
38-39	37.11876594985474	37.0	37.0	40.0	33.0	40.0
40-41	36.9312918576195	37.0	37.0	40.0	33.0	40.0
42-43	36.79445664852767	37.0	37.0	40.0	33.0	40.0
44-45	36.632907901955306	37.0	37.0	40.0	33.0	40.0
46-47	36.45161956900917	37.0	37.0	40.0	33.0	40.0
48-49	36.246090429472815	37.0	37.0	40.0	33.0	40.0
50-51	36.04417273538037	37.0	35.0	40.0	33.0	40.0
52-53	35.80354189755164	37.0	33.0	40.0	33.0	40.0
54-55	35.59857325185685	37.0	33.0	40.0	33.0	40.0
56-57	35.35377072953831	37.0	33.0	37.0	27.0	40.0
58-59	35.10976939803278	37.0	33.0	37.0	27.0	40.0
60-61	34.89672978823479	37.0	33.0	37.0	27.0	40.0
62-63	34.633350142297715	37.0	33.0	37.0	27.0	40.0
64-65	34.3832092261397	37.0	33.0	37.0	27.0	40.0
66-67	34.14836641156714	37.0	33.0	37.0	27.0	40.0
68-69	33.87699456169795	37.0	33.0	37.0	27.0	37.0
70-71	33.619624781109295	37.0	33.0	37.0	27.0	37.0
72-73	33.40478008557851	35.0	33.0	37.0	27.0	37.0
74-75	33.14092139548075	33.0	33.0	37.0	27.0	37.0
76-77	29.6737304008755	30.0	27.0	33.0	22.0	35.0
78-79	33.057152045492714	33.0	33.0	37.0	27.0	37.0
80-81	33.77036215252224	35.0	33.0	37.0	27.0	37.0
82-83	33.77576453683575	37.0	33.0	37.0	27.0	37.0
84-85	33.70385089529299	35.0	33.0	37.0	27.0	37.0
86-87	33.600721772103824	33.0	33.0	37.0	27.0	37.0
88-89	33.50653740463567	33.0	33.0	37.0	27.0	37.0
90-91	33.44725505157869	33.0	33.0	37.0	27.0	37.0
92-93	33.38094816080185	33.0	33.0	37.0	27.0	37.0
94-95	33.342134496919584	33.0	33.0	37.0	27.0	37.0
96-97	33.373946335278234	33.0	33.0	37.0	27.0	37.0
98-99	33.487704757054	33.0	33.0	37.0	27.0	37.0
100	33.826426215351866	33.0	33.0	37.0	27.0	37.0
>>END_MODULE
>>Per sequence quality scores	pass
#Quality	Count
19	2.0
20	30.0
21	256.0
22	1388.0
23	5361.0
24	15818.0
25	36599.0
26	73274.0
27	128901.0
28	207074.0
29	311119.0
30	447222.0
31	623096.0
32	862401.0
33	1205109.0
34	1749832.0
35	2729567.0
36	4258020.0
37	4175281.0
38	830010.0
39	851.0
>>END_MODULE
>>Per base sequence content	fail
#Base	G	A	T	C
1	42.48606168625696	21.11517720953563	13.433750380990295	22.965010723217112
2	16.28614024167038	19.138652854341768	40.62799573597475	23.947211168013105
3	18.852510258387234	26.174012281978126	29.31396440799434	25.6595130516403
4	13.602964887484656	17.760141250262095	38.14098515172416	30.49590871052909
5	14.790422792927965	36.0057781366087	35.08989297752677	14.113906092936567
6	30.214561893102047	37.14314850451149	19.024520695923055	13.617768906463413
7	26.559056454282775	30.20867028880409	24.45022031614933	18.7820529407638
8	24.578020159546252	36.84972678260851	19.754568358874145	18.817684698971096
9	23.365600467601006	17.052941613120414	21.521355472170058	38.06010244710853
10-11	26.0881657548851	24.631297933080578	27.416302313584275	21.86423399845005
12-13	25.1918025811789	22.06846892878446	28.525334372221224	24.214394117815424
14-15	23.856116095323248	23.664979711753627	23.87923172425719	28.599672468665936
16-17	23.956933569351264	27.485391259173593	25.42173577929445	23.135939392180692
18-19	23.613253441415118	27.168395296490143	26.128046608853282	23.09030465324145
20-21	23.74610382040054	26.468847464650075	26.12661725178415	23.65843146316524
22-23	23.965834186718045	25.95801517078887	26.23284883579376	23.843301806699333
24-25	24.13487279180164	25.969187559210134	26.082705111058623	23.813234537929603
26-27	24.000332706705507	26.24198943208902	26.001878354705322	23.755799506500153
28-29	24.043109360847236	26.22599644653728	25.873082075431046	23.857812117184434
30-31	24.02269184389025	26.201470220939687	25.84108903275108	23.934748902418978
32-33	23.879265808776985	26.31905521608841	25.97541692401319	23.826262051121418
34-35	24.000311643973486	26.018313952879364	26.10265430184474	23.878720101302413
36-37	24.06380921624823	26.03435930962943	26.030483584350005	23.871347889772334
38-39	23.966611007966048	26.23859293898889	25.997895953901235	23.79690009914383
40-41	24.048711837977127	26.10265378193227	25.95251967447304	23.896114705617567
42-43	24.052421211582367	26.08768668986119	25.907817921530235	23.952074177026212
44-45	23.87461480906021	26.23749671490487	26.031902063780066	23.855986412254857
46-47	24.0013556266788	26.0217161292708	26.098941892666495	23.877986351383903
48-49	24.053271614439844	26.092756527950993	25.974958426406026	23.879013431203138
50-51	23.921250857500496	26.22020859043721	25.986527938555927	23.872012613506367
52-53	24.01227186516259	26.046076342103607	25.992911811087023	23.948739981646785
54-55	24.010445605444747	26.0815894406311	25.94604094725802	23.961924006666134
56-57	23.85733628345191	26.234435452925624	26.021434770243108	23.88679349337936
58-59	24.014692423979305	26.023229664149305	26.067733973621625	23.894343938249758
60-61	24.046117222652512	26.044878802478493	25.98279642318978	23.926207551679212
62-63	23.915027684115206	26.17681765989886	26.00002344120117	23.90813121478476
64-65	23.99097502277307	26.02640487558948	25.988966892864863	23.993653208772585
66-67	24.04790268691269	26.0438281574666	25.925257374499967	23.983011781120748
68-69	23.90690037122362	26.200741031711487	26.00214453303324	23.89021406403165
70-71	24.01023952720678	26.016454631791884	26.06386372995624	23.909442111045095
72-73	24.08473292120229	26.021284723907094	25.927528412406147	23.966453942484463
74-75	23.92170049947311	26.196569986055884	25.957186627802592	23.92454288666842
76-77	24.028568113554908	26.00341766123817	25.98594998063261	23.982064244574314
78-79	24.00753175904915	26.07634997670829	25.94174941580102	23.974368848441543
80-81	23.861499451061974	26.196185706992964	26.049239966432953	23.893074875512113
82-83	23.982441854260124	25.999181883236506	26.071309179019742	23.947067083483628
84-85	24.02366185281279	26.025792083303823	25.95624914821983	23.99429691566356
86-87	23.874528677292087	26.18443279142205	26.00015166101308	23.94088687027278
88-89	23.955539006872463	26.068935086145117	26.021026435650125	23.954499471332298
90-91	23.952096368176946	26.08013131447782	26.00633907986088	23.961433237484353
92-93	23.791561923745927	26.235464155883783	26.099614141457607	23.87335977891269
94-95	23.87126186712798	26.087553465565783	26.144311442664296	23.89687322464194
96-97	23.808004860545033	26.118051582690605	26.01921644834243	24.054727108421936
98-99	23.652720808555365	26.173988682424763	26.118915509267843	24.054374999752028
100	24.124113243733085	25.65598626375006	26.14366455635829	24.076235936158568
>>END_MODULE
>>Per sequence GC content	pass
#GC Content	Count
0	0.0
1	0.0
2	0.0
3	0.0
4	0.0
5	0.0
6	0.0
7	0.0
8	2.5
9	6.0
10	14.5
11	28.5
12	53.0
13	114.5
14	220.5
15	434.5
16	763.5
17	1239.0
18	2004.5
19	3260.5
20	5159.5
21	8039.0
22	12361.0
23	18450.0
24	27016.0
25	38575.0
26	53849.0
27	73049.0
28	96468.5
29	125245.5
30	157575.0
31	194265.5
32	234245.0
33	276078.5
34	319242.0
35	362378.5
36	405228.0
37	445127.0
38	482348.0
39	515879.0
40	545576.5
41	573854.0
42	598674.0
43	618264.5
44	631662.0
45	638221.0
46	641718.0
47	640846.0
48	633530.0
49	619789.5
50	599952.0
51	576471.5
52	550700.0
53	524073.5
54	496438.5
55	470863.0
56	448343.5
57	426617.0
58	407490.5
59	390194.5
60	373148.0
61	354475.5
62	332663.0
63	308278.5
64	281096.5
65	250916.5
66	218167.0
67	185378.0
68	153538.0
69	123492.5
70	96514.0
71	73389.5
72	54284.5
73	39086.5
74	27619.0
75	18996.5
76	12788.0
77	8274.0
78	5207.0
79	3208.5
80	1927.5
81	1134.5
82	622.5
83	312.0
84	156.0
85	81.5
86	32.0
87	14.0
88	8.5
89	5.5
90	1.0
91	0.5
92	1.0
93	0.5
94	0.0
95	0.0
96	0.0
97	0.0
98	0.0
99	0.0
100	0.0
>>END_MODULE
>>Per base N content	pass
#Base	N-Count
1	0.0
2	0.015735047840150937
3	0.008578120718902005
4	0.0036350848194951074
5	8.719673866078605E-4
6	0.0016590028849097606
7	0.0
8	0.0
9	0.0
10-11	0.0
12-13	9.908720302362052E-5
14-15	0.0
16-17	6.992725470524076E-4
18-19	9.62561400800885E-5
20-21	0.0
22-23	9.342507713655649E-4
24-25	3.7086924560269396E-4
26-27	5.6621258870640295E-5
28-29	7.247521135441958E-4
30-31	0.0018571772909570018
32-33	0.0011267630515257418
34-35	1.8118802838604895E-4
36-37	2.831062943532015E-6
38-39	5.66212588706403E-6
40-41	5.66212588706403E-6
42-43	8.493188830596045E-6
44-45	1.4155314717660074E-5
46-47	3.680381826591619E-5
48-49	3.425586161673738E-4
50-51	8.068529389066243E-4
52-53	0.0
54-55	2.264850354825612E-5
56-57	0.0
58-59	0.0
60-61	0.0
62-63	0.0
64-65	1.698637766119209E-5
66-67	1.726948395554529E-4
68-69	1.330599583460047E-4
70-71	2.491335390308173E-4
72-73	0.0
74-75	0.0
76-77	0.0
78-79	0.0
80-81	0.0
82-83	1.1457414323389129E-5
84-85	5.751627746599961E-6
86-87	8.666342853580577E-6
88-89	0.0
90-91	2.1618486704177859E-4
92-93	6.79878241164997E-4
94-95	0.0
96-97	0.0
98-99	0.0
100	0.0
>>END_MODULE
>>Sequence Length Distribution	warn
#Length	Count
75	29212.0
76	21769.0
77	23351.0
78	26059.0
79	27700.0
80	29498.0
81	31281.0
82	32791.0
83	34796.0
84	36743.0
85	39010.0
86	41324.0
87	44683.0
88	47531.0
89	52305.0
90	56353.0
91	63832.0
92	69274.0
93	78421.0
94	93613.0
95	117809.0
96	93579.0
97	115174.0
98	144707.0
99	375916.0
100	1.593448E7
>>END_MODULE
>>Sequence Duplication Levels	pass
#Total Deduplicated Percentage	71.913766457577
#Duplication Level	Percentage of total
1	56.564488055786555
2	20.235820673674638
3	8.126204510771242
4	4.339817835623334
5	2.7093981257312683
6	1.809040403048919
7	1.2226183449722
8	0.8888356611736585
9	0.7191951023595504
>10	3.2483085882855542
>50	0.10713960836962678
>100	0.029133090203464097
>500	0.0
>1k	0.0
>5k	0.0
>10k+	0.0
>>END_MODULE
>>Overrepresented sequences	pass
>>END_MODULE
>>Adapter Content	pass
#Position	Illumina Universal Adapter	Illumina Small RNA 3' Adapter	Illumina Small RNA 5' Adapter	Nextera Transposase Sequence	PolyA	PolyG
1	0.0	0.0	5.66212588706403E-6	0.0	0.0	5.66212588706403E-6
2	0.0	5.66212588706403E-6	5.66212588706403E-6	0.0	0.0	5.66212588706403E-6
3	0.0	5.66212588706403E-6	1.132425177412806E-5	0.0	0.0	5.66212588706403E-6
4	0.0	6.228338475770432E-5	1.132425177412806E-5	0.0	0.0	1.132425177412806E-5
5	0.0	8.493188830596045E-5	1.132425177412806E-5	0.0	0.0	1.698637766119209E-5
6	0.0	8.493188830596045E-5	1.132425177412806E-5	0.0	0.0	2.264850354825612E-5
7	0.0	9.059401419302448E-5	1.132425177412806E-5	0.0	0.0	2.264850354825612E-5
8	0.0	9.059401419302448E-5	1.698637766119209E-5	0.0	0.0	2.264850354825612E-5
9	0.0	1.0191826596715254E-4	1.698637766119209E-5	0.0	0.0	2.264850354825612E-5
10-11	1.132425177412806E-5	1.0191826596715254E-4	3.680381826591619E-5	0.0	0.0	3.114169237885216E-5
12-13	1.4155314717660074E-5	1.0474932891068456E-4	4.529700709651224E-5	0.0	0.0	4.2465944152980225E-5
14-15	1.698637766119209E-5	1.3589102128953672E-4	5.9452321814172315E-5	0.0	0.0	4.529700709651224E-5
16-17	2.264850354825612E-5	1.3872208423306874E-4	7.643869947536439E-5	0.0	0.0	4.812807004004425E-5
18-19	2.264850354825612E-5	1.4721527306366477E-4	7.926976241889641E-5	0.0	0.0	5.095913298357627E-5
20-21	2.5479566491788135E-5	1.755259024989849E-4	9.059401419302448E-5	0.0	0.0	5.095913298357627E-5
22-23	3.397275532238418E-5	1.755259024989849E-4	9.62561400800885E-5	0.0	0.0	5.6621258870640295E-5
24-25	3.397275532238418E-5	2.0100546899077306E-4	1.0758039185421657E-4	0.0	0.0	5.945232181417231E-5
26-27	3.397275532238418E-5	2.123297207649011E-4	1.1324251774128059E-4	0.0	0.0	6.794551064476836E-5
28-29	3.397275532238418E-5	2.1799184665196515E-4	1.2173570657187664E-4	0.0	2.831062943532015E-6	6.794551064476836E-5
30-31	4.529700709651224E-5	2.293160984260932E-4	1.330599583460047E-4	0.0	5.66212588706403E-6	7.360763653183239E-5
32-33	5.6621258870640295E-5	2.4347141314375327E-4	1.3589102128953672E-4	0.0	5.66212588706403E-6	8.493188830596045E-5
34-35	7.360763653183239E-5	2.491335390308173E-4	1.3589102128953672E-4	0.0	5.66212588706403E-6	9.059401419302448E-5
36-37	7.926976241889641E-5	2.519646019743493E-4	1.3589102128953672E-4	0.0	5.66212588706403E-6	9.62561400800885E-5
38-39	7.926976241889641E-5	2.547956649178813E-4	1.4155314717660076E-4	0.0	5.66212588706403E-6	1.0758039185421657E-4
40-41	7.926976241889641E-5	2.547956649178813E-4	1.500463360071968E-4	0.0	5.66212588706403E-6	1.1324251774128059E-4
42-43	7.926976241889641E-5	2.6045779080494536E-4	1.5853952483779282E-4	0.0	1.4155314717660074E-5	1.1324251774128059E-4
44-45	8.210082536242843E-5	2.7178204257907344E-4	1.6420165072485686E-4	0.0	1.9817440604724103E-5	1.1324251774128059E-4
46-47	8.493188830596045E-5	2.9726160907086156E-4	1.6420165072485686E-4	0.0	2.264850354825612E-5	1.1890464362834462E-4
48-49	8.493188830596045E-5	3.057547979014576E-4	1.6420165072485686E-4	0.0	2.264850354825612E-5	1.3589102128953672E-4
50-51	9.62561400800885E-5	3.284033014497137E-4	1.6703271366838888E-4	0.0	2.264850354825612E-5	1.5853952483779282E-4
52-53	1.0191826596715254E-4	3.3406542733677776E-4	1.8118802838604895E-4	0.0	3.114169237885216E-5	1.7269483955545292E-4
54-55	1.0191826596715254E-4	3.425586161673738E-4	2.0100546899077306E-4	0.0	3.397275532238418E-5	1.86850154273113E-4
56-57	1.0758039185421657E-4	3.510518049979699E-4	2.2082290959549714E-4	0.0	3.680381826591619E-5	1.9817440604724104E-4
58-59	1.1890464362834463E-4	3.73700308546226E-4	2.2648503548256118E-4	0.0	3.9634881209448205E-5	2.0949865782136912E-4
60-61	1.2456676951540864E-4	3.87855623263886E-4	2.293160984260932E-4	0.0	3.9634881209448205E-5	2.293160984260932E-4
62-63	1.2456676951540864E-4	4.218283785862702E-4	2.3780928725668926E-4	0.0	3.9634881209448205E-5	2.4347141314375327E-4
64-65	1.2456676951540864E-4	4.4164581919099434E-4	2.4347141314375327E-4	0.0	3.9634881209448205E-5	2.5762672786141334E-4
66-67	1.2456676951540864E-4	4.558011339086544E-4	2.547956649178813E-4	0.0	4.2465944152980225E-5	2.632888537484774E-4
68-69	1.2456676951540864E-4	4.614632597957184E-4	2.6045779080494536E-4	0.0	4.812807004004425E-5	2.7178204257907344E-4
70-71	1.3589102128953672E-4	4.699564486263145E-4	2.661199166920094E-4	0.0	5.6621258870640295E-5	2.802752314096695E-4
72-73	1.3872208423306874E-4	4.841117633439745E-4	2.774441684661375E-4	0.0	5.6621258870640295E-5	2.8310629435320146E-4
74-75	1.4155314717660073E-4	5.039292039486986E-4	2.915994831837975E-4	0.0	6.228338475770432E-5	2.915994831837975E-4
76-77	1.4721527306366477E-4	5.095913298357626E-4	2.9443054612732954E-4	0.0	6.794551064476836E-5	3.142479867320536E-4
78-79	1.4721527306366477E-4	5.095913298357626E-4	2.9443054612732954E-4	0.0	8.210082536242843E-5	3.227411755626497E-4
80-81	1.4721527306366477E-4	5.095913298357626E-4	3.0858586084498964E-4	0.0	1.0758039185421657E-4	3.368964902803098E-4
82-83	1.500463360071968E-4	5.180845186663587E-4	3.1707904967558564E-4	0.0	1.1324251774128059E-4	3.425586161673738E-4
84-85	1.528773989507288E-4	5.265777074969548E-4	3.1991011261911766E-4	0.0	1.2456676951540864E-4	3.595449938285659E-4
86-87	1.557084618942608E-4	5.350708963275508E-4	3.227411755626497E-4	0.0	1.3022889540247268E-4	3.652071197156299E-4
88-89	1.6703271366838888E-4	5.379019592710828E-4	3.368964902803098E-4	0.0	1.4721527306366477E-4	3.73700308546226E-4
>>END_MODULE
